   -38062.2616723485
   -37649.8997716484
   -37587.4864194554
   -37587.4864194553
   -37580.6756107267
   -37566.3251072642
   -37566.3251072641
   -37563.9462526899
   -37563.1520181341
   -37561.1335017391
   -37561.1335017390
   -37560.2119313089
   -37560.2119313088
   -37559.3124212752
   -37558.2703901723
   -37558.2703901723
   -37558.0111034931
   -37557.9530379259
   -37557.9530379259
   -37557.9530379259
   -37557.9151645326
   -37557.7949795866
   -37557.7949795866
   -37557.7327991895
   -37557.7327991894
       -0.9058031756
        0.6207427337
        2.5343930817
        2.5345280122
        2.5345280123
        3.6251698458
       15.4495459379
       70.1758764469
      431.7526907777