   -38061.7110475781
   -37649.4134128382
   -37586.9340820535
   -37586.9340820534
   -37580.3310801969
   -37565.8319739878
   -37565.8319739878
   -37563.7831529381
   -37562.8676695374
   -37561.0527312622
   -37561.0527312621
   -37559.8622246020
   -37559.8622246019
   -37559.2732969036
   -37558.1130464960
   -37558.1130464960
   -37558.0079200747
   -37557.8722725468
   -37557.8722725468
   -37557.8722725468
   -37557.8480965367
   -37557.7622524102
   -37557.7622524101
   -37557.7308721298
   -37557.7308721297
       -0.7996790464
        0.6299947531
        2.6574807391
        2.6575900660
        2.6575900661
        3.7296486606
       15.7228635300
       70.6122731270
      432.2857524288