-3.773704487349060219e+04
-3.759104220172019996e+04
-3.756758994552380318e+04
-3.756758994552380318e+04
-3.756672217967589677e+04
-3.756124972279200301e+04
-3.756124972279200301e+04
-3.756066941472700273e+04
-3.756049438132830255e+04
-3.755958950032929715e+04
-3.755958950032929715e+04
-3.755930914996500360e+04
-3.755930914996490174e+04
-3.755877964337669982e+04
-3.755852725303899933e+04
-3.755852725303889747e+04
-3.755833341505150020e+04
-3.755833341505150020e+04
-3.755833341505150020e+04
-3.755829571041560121e+04
-3.755816067026199744e+04
-3.755816067026190285e+04
-3.755808908004329714e+04
-3.755796742806719703e+04
-3.755796742806710245e+04
-4.999521765000000117e-01
-2.441954520000000003e-02
5.019622990000000007e-01
5.019925602999999459e-01
5.019925603999999542e-01
9.914544685999999718e-01
5.189719240899999697e+00
2.490845825079999898e+01
1.556544372520999957e+02
