-3.806565307263760042e+04
-3.765311328437300108e+04
-3.759088248503390059e+04
-3.759088248503390059e+04
-3.758346032288439892e+04
-3.756955974010420323e+04
-3.756955974010420323e+04
-3.756605751944809890e+04
-3.756571026539860031e+04
-3.756302433381150331e+04
-3.756302433381140145e+04
-3.756283057774320332e+04
-3.756283057774320332e+04
-3.756068391482070001e+04
-3.756037850223579881e+04
-3.756037850223579881e+04
-3.755965009520290187e+04
-3.755965009520280000e+04
-3.755965009520269814e+04
-3.755953009805709735e+04
-3.755912990138419991e+04
-3.755912990138409805e+04
-3.755876697156720184e+04
-3.755847575135130319e+04
-3.755847575135120132e+04
-1.999660925699999980e+00
-3.958139207999999964e-01
7.802958107999999893e-01
7.805396338000000211e-01
7.805396338000000211e-01
1.918305686300000090e+00
1.297272864800000036e+01
6.712646568380000645e+01
4.284123315992000016e+02
