-6.939670720239020011e+04
-4.583077212586320093e+04
-3.999469164296529925e+04
-3.931440481601990177e+04
-3.931440481601969805e+04
-3.837261044902310095e+04
-3.817750334893410036e+04
-3.817750334893399850e+04
-3.809253964429970074e+04
-3.796692931515160308e+04
-3.796692931515160308e+04
-3.786452912217919948e+04
-3.783371349804289639e+04
-3.783371349804269994e+04
-3.771654825675489701e+04
-3.769682158567039733e+04
-3.769682158567009901e+04
-3.768525364332029858e+04
-3.767861623144809710e+04
-3.767861623144800251e+04
-3.764534642575259932e+04
-3.764534642575259932e+04
-3.764534642575249745e+04
-3.764238059410289861e+04
-3.763363539313009824e+04
-3.763363539312880312e+04
-3.762013498869680188e+04
-3.761563091639710183e+04
-3.760401798940559820e+04
-3.760401798940550361e+04
-3.760192561454389943e+04
-3.760192561454029783e+04
-3.759703196171780291e+04
-3.759703196171780291e+04
-3.759703196171780291e+04
-3.758796707051510020e+04
-3.758723794726320193e+04
-3.758723794725629705e+04
-3.758690106140160060e+04
-3.758102919881840353e+04
-3.757839484882220131e+04
-3.757839484882209945e+04
-3.757839484882209945e+04
-3.757789054531540023e+04
-3.757789054531529837e+04
-3.757784223758619919e+04
-3.757784223755179846e+04
-3.757604863050190033e+04
-3.757604863050179847e+04
-3.757604863050179847e+04
-3.757424835900389735e+04
-3.757251678296759928e+04
-3.756938864923809888e+04
-3.756938864913539874e+04
-3.756936949408020155e+04
-3.756936949408009968e+04
-3.756936949408009968e+04
-3.756909379338540020e+04
-3.756906677116930223e+04
-3.756846736921730189e+04
-3.756846736921720003e+04
-3.756846736921709817e+04
-3.756846736921709817e+04
-3.756709020578140189e+04
-3.756709020578130003e+04
-3.756629563184980361e+04
-3.756586900429819798e+04
-3.756586900422879989e+04
-3.756528549805929651e+04
-3.756440948063680116e+04
-3.756440948063659744e+04
-3.756440948063659744e+04
-3.756367297042150312e+04
-3.756367297037129902e+04
-3.756364925071370089e+04
-3.756242072028510302e+04
-3.756209332848680060e+04
-3.756209332848669874e+04
-3.756183632548130117e+04
-3.756183632546690205e+04
-3.756163467815239710e+04
-3.756145666085239645e+04
-3.756145666085230187e+04
-3.756145666085220000e+04
-3.756059893889420346e+04
-5.006534855209999790e+01
-1.251956673609999982e+01
-1.251663548209999988e+01
-1.250016263040000020e+01
-1.250016263030000019e+01
-5.558244389599999558e+00
-5.556059987900000330e+00
-5.551184909899999909e+00
-5.551184909799999900e+00
-4.947309829699999995e+00
-4.947309829599999986e+00
-4.945505111700000178e+00
-4.945505111600000170e+00
-4.945505111600000170e+00
-3.117800978800000067e+00
-3.115799191199999818e+00
-3.115799191199999818e+00
-2.751815889700000017e+00
1.909788244800000090e+00
1.926464971999999998e+00
1.926464971999999998e+00
2.645823050699999790e+00
2.535349365549999945e+01
3.533054743470000147e+01
3.542512520759999717e+01
3.542512520769999895e+01
1.233181002291999988e+02
2.171570287023000105e+02
2.180603146404999961e+02
2.180603146404999961e+02
4.781034403117000124e+02
1.773327641115200095e+03
6.791171971852700153e+03
2.761254143813289920e+04
